# regions 9
### r1 n76 bbox x0..1137 y0..398
((0,0),(824,0),(779,8),(724,28),(699,44),(671,69),(648,102),(639,136),(619,176),(613,203),(612,225),(617,255),(634,290),(659,315),(671,322),(687,330),(712,336),(832,344),(960,342),(1042,328),(1061,319),(1080,304),(1097,278),(1105,245),(1101,211),(1084,180),(1068,165),(1037,147),(1003,116),(987,97),(966,58),(952,40),(917,14),(897,6),(868,0),(1137,0),(1137,272),(1125,266),(1120,273),(1120,279),(1125,286),(1129,286),(1133,279),(1137,279),(1137,398),(98,398),(103,393),(103,387),(95,380),(95,376),(102,379),(102,371),(89,375),(88,380),(97,392),(93,394),(87,390),(88,398),(0,398),(0,265),(12,297),(29,317),(59,335),(81,340),(109,339),(141,326),(169,297),(181,266),(179,226),(165,197),(139,173),(106,160),(68,161),(37,175),(11,203),(0,235),)
### r1 n18 bbox x252..597 y178..259
((561,178),(557,184),(515,187),(434,199),(338,221),(253,251),(252,258),(259,259),(270,252),(313,236),(412,210),(532,192),(561,190),(561,195),(565,195),(578,189),(597,186),(597,183),)
### r1 n7 bbox x1110..1121 y247..280
((1117,247),(1110,256),(1111,280),(1115,277),(1117,262),(1120,259),(1121,248),)
### r1 n5 bbox x109..116 y360..379
((112,360),(109,361),(110,378),(115,379),(116,369),)
### r2 n35 bbox x620..1098 y5..339
((842,5),(860,5),(893,11),(905,15),(936,35),(958,59),(978,95),(1002,125),(1038,156),(1070,175),(1082,188),(1096,216),(1098,253),(1094,269),(1084,289),(1067,307),(1037,323),(984,333),(875,339),(812,337),(706,329),(692,325),(668,313),(668,310),(654,301),(637,281),(621,244),(620,199),(630,168),(644,140),(653,107),(666,85),(708,45),(737,29),(776,15),)
### r2 n29 bbox x666..1012 y78..302
((887,78),(870,83),(850,94),(827,99),(805,98),(767,86),(750,86),(718,99),(704,112),(674,162),(666,192),(667,221),(672,239),(678,253),(698,276),(729,292),(769,298),(830,302),(909,302),(949,296),(971,285),(988,271),(1003,249),(1012,215),(1011,187),(993,144),(975,117),(949,94),(920,80),)
### r2 n8 bbox x1014..1024 y228..260
((1020,228),(1014,238),(1015,260),(1019,259),(1021,240),(1024,239),(1021,236),(1023,229),)
### r2 n12 bbox x1024..1039 y245..279
((1032,245),(1029,248),(1030,258),(1024,262),(1032,268),(1028,274),(1029,279),(1037,277),(1036,264),(1039,263),(1035,258),(1035,246),)
### r3 n32 bbox x672..1006 y84..297
((888,84),(922,87),(946,100),(972,124),(978,133),(977,137),(980,136),(990,153),(1004,188),(1006,215),(998,245),(979,271),(966,281),(936,293),(863,297),(785,293),(732,286),(717,281),(696,264),(684,249),(675,229),(672,194),(682,160),(687,156),(696,136),(717,109),(735,97),(749,93),(779,95),(808,105),(834,105),(855,99),)
### r3 n30 bbox x707..965 y118..260
((890,118),(872,122),(858,129),(850,137),(844,153),(834,159),(823,156),(811,136),(790,124),(765,122),(745,128),(721,150),(710,169),(707,180),(707,206),(714,224),(729,242),(739,249),(779,258),(879,260),(904,258),(932,247),(947,234),(959,215),(965,192),(963,170),(953,148),(940,133),(921,122),(906,118),)
### r3 n7 bbox x958..968 y216..248
((965,216),(958,226),(959,248),(962,247),(965,228),(968,227),(965,225),)
### r3 n9 bbox x970..983 y231..252
((975,231),(970,234),(970,237),(975,237),(970,251),(982,252),(983,248),(978,242),(980,233),)
### r3 n7 bbox x972..981 y253..268
((974,253),(972,256),(976,263),(972,267),(978,268),(981,265),(981,254),)
### r4 n26 bbox x713..959 y125..253
((886,125),(909,125),(930,134),(942,143),(956,167),(959,183),(956,208),(944,228),(930,241),(913,249),(889,253),(792,253),(745,245),(722,225),(713,202),(716,170),(733,147),(748,134),(770,128),(795,133),(810,144),(819,161),(836,165),(849,158),(856,140),(862,135),)
### r4 n27 bbox x748..929 y147..238
((882,147),(864,153),(846,170),(838,189),(834,211),(814,212),(805,178),(795,167),(783,161),(767,163),(755,170),(748,186),(750,198),(758,210),(781,216),(807,218),(811,233),(818,238),(829,238),(838,230),(841,216),(893,210),(915,200),(925,190),(929,180),(925,161),(913,151),)
### r4 n6 bbox x906..916 y204..236
((914,204),(910,205),(906,214),(907,236),(913,229),(916,207),)
### r4 n5 bbox x920..927 y221..240
((923,221),(920,223),(922,239),(927,240),(927,224),)
### r5 n10 bbox x841..923 y153..210
((888,153),(909,157),(920,165),(923,178),(919,188),(890,204),(841,210),(843,193),(853,172),(868,158),)
### r6 n20 bbox x3..178 y163..336
((83,163),(114,166),(137,177),(166,207),(175,229),(178,248),(173,279),(164,297),(134,325),(100,336),(82,336),(61,331),(38,319),(13,290),(6,272),(3,253),(8,220),(24,193),(44,176),(67,166),)
### r7 n11 bbox x755..806 y168..211
((774,168),(786,169),(798,179),(806,202),(806,211),(784,210),(765,205),(758,200),(755,192),(757,179),(764,172),)
### r8 n6 bbox x815..833 y217..232
((830,217),(833,218),(831,229),(826,232),(819,231),(815,219),)
