# regions 9
# region 2 area 56310 bbox x 619..1097 y 5..338 pts 25
((842,5),(893,11),(936,35),(958,59),(978,95),(1002,125),(1082,188),(1096,216),(1098,253),(1084,289),(1067,307),(1037,323),(984,333),(875,339),(812,337),(692,325),(668,313),(637,281),(621,244),(620,199),(653,107),(666,85),(708,45),(737,29),(776,15),)
# region 2 area 56310 bbox x 619..1097 y 5..338 pts 22
((887,78),(827,99),(750,86),(718,99),(704,112),(674,162),(666,192),(672,239),(678,253),(698,276),(729,292),(769,298),(909,302),(949,296),(988,271),(1003,249),(1012,215),(1011,187),(993,144),(975,117),(949,94),(920,80),)
# region 2 area 56310 bbox x 619..1097 y 5..338 pts 7
((1032,245),(1030,258),(1024,262),(1032,268),(1029,279),(1037,277),(1039,263),)
# region 3 area 27696 bbox x 672..1005 y 84..296 pts 22
((888,84),(922,87),(946,100),(972,124),(990,153),(1004,188),(1006,215),(998,245),(979,271),(936,293),(863,297),(732,286),(717,281),(696,264),(675,229),(672,194),(682,160),(717,109),(749,93),(779,95),(808,105),(834,105),)
# region 3 area 27696 bbox x 672..1005 y 84..296 pts 25
((890,118),(858,129),(844,153),(834,159),(823,156),(811,136),(790,124),(765,122),(745,128),(721,150),(710,169),(707,206),(714,224),(739,249),(779,258),(879,260),(904,258),(932,247),(947,234),(959,215),(965,192),(963,170),(953,148),(940,133),(921,122),)
# region 3 area 27696 bbox x 672..1005 y 84..296 pts 6
((975,231),(970,234),(975,237),(970,251),(982,252),(980,233),)
# region 4 area 16992 bbox x 713..958 y 125..253 pts 21
((886,125),(909,125),(930,134),(942,143),(956,167),(956,208),(930,241),(889,253),(792,253),(745,245),(722,225),(713,202),(716,170),(748,134),(770,128),(795,133),(810,144),(819,161),(836,165),(849,158),(862,135),)
# region 4 area 16992 bbox x 713..958 y 125..253 pts 22
((882,147),(864,153),(846,170),(834,211),(814,212),(805,178),(783,161),(755,170),(748,186),(750,198),(758,210),(807,218),(811,233),(829,238),(838,230),(841,216),(893,210),(915,200),(925,190),(929,180),(925,161),(913,151),)
# region 5 area 3269 bbox x 840..922 y 153..209 pts 10
((888,153),(909,157),(920,165),(923,178),(919,188),(890,204),(841,210),(843,193),(853,172),(868,158),)
# region 6 area 23394 bbox x 3..177 y 163..335 pts 16
((83,163),(114,166),(137,177),(166,207),(178,248),(173,279),(164,297),(134,325),(100,336),(61,331),(38,319),(13,290),(3,253),(8,220),(24,193),(44,176),)
# region 7 area 1639 bbox x 755..805 y 168..210 pts 7
((774,168),(786,169),(798,179),(806,211),(784,210),(758,200),(757,179),)
